60092
54890
43284
4072
46099
10338
20678
94435
19086
17018
73139
45117
24113
50894
21954
11405
10492
71322
95480
79253
83051
86413
67031
85808
37723
3309
90161
8174
68737
51447
65415
23313
51813
18305
83599
30133
16282
79633
82804
22373
32050
83703
69299
78508
50079
92204
71352
36710
913
10986
9390
58156
61822
43979
42218
73679
87859
57475
66349
42790
20177
12505
25698
67638
51602
49827
93304
5809
67294
91820
95123
30859
88518
73107
47203
99348
17115
88522
35729
45519
31957
53452
7261
57752
42058
7260
61491
7834
76086
9921
42274
58806
13284
40014
2197
19546
58006
1661
26907
253
98899
65543
69415
9093
15863
78530
69638
88714
96775
42870
56564
99336
21746
20831
10834
66725
5244
67946
25581
44342
88335
85470
29723
57374
49547
36317
17575
48504
70911
27658
41343
15455
61616
35476
46619
66414
84036
98168
41889
63528
37621
72776
11059
33216
53356
42938
37061
92453
29180
35472
14302
90059
76080
82564
11918
13430
35821
12041
59545
79546
60955
21134
17804
69118
1528
41110
37720
86269
74211
44420
82688
7076
26057
62053
6721
15559
74412
96506
4019
6610
99256
25121
19324
35439
13356
51283
39375
79051
23559
33190
30593
71996
38623
62342
2573
16488
54973
41941
31689
12247
5218
50791
18243
84760
52784
7227
64002
14027
75843
96358
39017
39315
8023
52936
80290
35834
1810
82364
55762
50244
1736
58668
62710
41022
13827
10692
68452
63714
59480
90233
60585
32472
64817
91772
1392
48465
6879
34564
82655
6130
87280
25348
3209
27201
94172
91278
63973
85687
82052
66738
14678
72609
86178
81445
10511
46550
88080
77220
70933
42092
38774
288
54546
85610
35773
6546
74497
16251
51545
31825
28956
67246
99709
49632
62964
76387
55460
35510
46849
22548
46718
82765
81662
92742
75556
87976
46293
83372
81261
54842
60385
29658
63630
40563
67356
86992
70801
17599
91428
87626
